[[10], [5, 3, 4, 1, 4, 1, 1, 5, 5, 3], [55555]],
[[14], [4, 2, 2, 4, 4, 4, 0, 0, 3, 3, 5, 1, 2, 1], [147949]],
[[14], [2, 5, 3, 5, 1, 5, 0, 0, 2, 0, 5, 3, 4, 2], [324189]],
[[12], [3, 5, 3, 4, 2, 5, 5, 1, 1, 5, 1, 3], [69087]],
[[14], [1, 3, 4, 2, 1, 2, 2, 2, 0, 0, 3, 4, 4, 2], [249945]],
[[12], [5, 2, 4, 3, 5, 5, 1, 3, 1, 1, 4, 1], [1800755]],
[[8], [5, 3, 1, 2, 0, 2, 1, 3], [104823]],
[[12], [4, 3, 5, 5, 1, 3, 1, 3, 0, 0, 5, 0], [669389]],
[[12], [1, 5, 2, 2, 4, 3, 4, 3, 1, 5, 0, 5], [986838]],
[[14], [5, 2, 1, 5, 2, 2, 1, 4, 3, 4, 3, 1, 5, 1], [7497164]],
[[12], [0, 3, 0, 0, 3, 5, 5, 1, 3, 0, 2, 1], [402961]],
[[12], [3, 1, 1, 2, 0, 3, 0, 4, 2, 0, 5, 5], [377689]],
[[14], [3, 4, 4, 0, 2, 5, 2, 2, 4, 2, 5, 3, 1, 4], [7169464]],
[[14], [4, 1, 2, 0, 2, 2, 4, 3, 5, 0, 5, 1, 1, 5], [6607908]],
[[12], [3, 0, 2, 2, 5, 5, 0, 0, 2, 5, 0, 2], [911104]],
[[10], [1, 1, 4, 4, 1, 3, 1, 3, 0, 4], [3675247]],
[[14], [3, 4, 2, 5, 1, 3, 0, 4, 0, 2, 4, 1, 4, 1], [5802282]],
[[8], [1, 3, 1, 3, 4, 1, 1, 3], [287707]],
[[12], [5, 0, 5, 5, 3, 3, 3, 5, 1, 5, 5, 3], [367311]],
[[12], [1, 2, 1, 3, 3, 1, 4, 0, 4, 0, 2, 5], [325373]],
[[12], [0, 0, 3, 4, 3, 0, 4, 3, 1, 5, 1, 2], [2280733]],
